4	100200010110100311
6	10020100021013100301
8	100200010113100312
10	100201000e1344535034303820563031303450100345
12	10020001012c10032d
14	10020100072c00270f000000100303
16	100200010122100323
18	100201001522ffffffff0000000000000000000000000000ffff100337
20	100200010114100315
22	10020100021414100302
24	1002000102290010032b
26	10020100102900466f726573742020202020202020100300
28	1002000102290110032a
30	10020100102901466f726573742032202020202020100313
32	10020001022902100329
34	10020100102902526f6f6d20202020202120202020100305
36	10020001022903100328
38	1002010010290344656661756c7420507265736574100374
40	1002000102290410032f
42	1002010010290444656661756c7420507265736574100373
44	1002000102290510032e
46	1002010010290544656661756c7420507265736574100372
47	1002000102290610032d
49	1002010010290644656661756c7420507265736574100371
51	1002000102290710032c
53	1002010010290744656661756c7420507265736574100370
55	10020001022908100323
57	1002010010290844656661756c742050726573657410037f
59	10020001022909100322
61	1002010010290944656661756c742050726573657410037e
62	1002000102290a100321
64	1002010010290a44656661756c742050726573657410037d
66	1002000102290b100320
68	1002010010290b44656661756c742050726573657410037c
70	1002000102290c100327
72	1002010010290c44656661756c742050726573657410037b
74	1002000102290d100326
76	1002010010290d44656661756c742050726573657410037a
78	1002000102290e100325
80	1002010010290e44656661756c7420507265736574100379
82	1002000102290f100324
84	1002010010290f44656661756c7420507265736574100378
86	1002000102291010033b
88	1002010010291044656661756c7420507265736574100367
90	1002000102291110033a
92	1002010010291144656661756c7420507265736574100366
94	10020001022912100339
96	1002010010291244656661756c7420507265736574100365
97	10020001022913100338
99	10020100102913546573742020202020202020202010031c
101	10020001022700100325
103	10020100342400ffff5465737420202020202020202020496e4100000000000000630063000000780078007800780078007800780078007800100338
105	10020001022701100324
107	100201003424017800780078007800780078007800780078007800780078007800780078007800780078007800780078007800770073000700100312
109	10020001022702100327
111	1002010034240278004700230078006500230078008c0023007800aa0023007800c80023007800f0002300f0002c01000000002c01001418011003d3
113	10020001022703100326
115	10020100342403000000000100496e420000000000000063006300000078007800780078007800780078007800780078007800780078007800100377
117	10020001022704100321
119	10020100342404780078007800780078007800780078007800780078007800780078007800780078007800290023007800470023007800650010031f
121	10020001022705100320
123	10020100342405230078008c0023007800aa0023007800c80023007800f000230078000e01230000002c0100001801000000000200496e430010032e
125	10020001022706100323
127	10020100342406000000000000630063000000780078007800780078007800780078007800780078007800780078007800780078007800780010036e
129	10020001022707100322
131	1002010034240778007800780078007800780078007800780078007800780078002900230078004700230078006500230078008c00230078001003e8
133	1002000102270810032d
135	10020100342408aa0023007800c80023007800f000230078000e01230000002c0100001801000000000400496e4400000000000000630063001003ae
137	1002000102270910032c
139	100201003424090000780078007800780078007800780078007800780078007800780078007800780078007800780078007800780078007800100319
141	1002000102270a10032f
143	1002010034240a780078007800780078007800780078002900230078004700230078006500230078008c0023007800aa0023007800c8002300100387
145	1002000102270b10032e
147	1002010034240b7800f000230078000e01230000002c01000018010000000008004f757431000000000300180118011801180100002c010000100389
148	1002000102270c100329
150	1002010034240c78001f00230078003f00230078005f00230078007f00230078009e0023007800be0023007800de0023007800fd0023007800100367
152	1002000102270d100328
154	1002010034240d1d01230000003100f3010000dc003100f3010000dc0018010000000001004f75743200000000030018011801180118010000100345
156	1002000102270e10032b
158	1002010034240e2c01000078001f00230078003f00230078005f00230078007f00230078009e0023007800be0023007800de0023007800fd00100313
160	1002000102270f10032a
162	1002010034240f230078001d01230000003100f3010000dc003100f3010000dc0018010000000002004f757433000000000300180118011801100307
163	10020001022710100335
165	10020100342410180100002c01000078001f00230078003f00230078005f00230078007f00230078009e0023007800be0023007800de002300100391
167	10020001022711100334
169	100201003424117800fd00230078001d01230000003100f3010000dc003100f3010000dc0018010000000004004f7574340000000008001801100396
171	10020001022712100337
173	1002010034241218011801180100002c01000078001f00230078003f00230078005f00230078007f00230078009e0023007800be002300780010036e
175	10020001022713100336
177	10020100342413de0023007800fd00230078001d01230000003100f3010000dc003100f3010000dc0018010000000008004f75743500000000100375
179	10020001022714100331
181	100201003424140100180118011801180100002c01000078001f00230078003f00230078005f00230078007f00230078009e0023007800be0010032b
182	10020001022715100330
184	1002010034241523007800de0023007800fd00230078001d01230000003100f3010000dc003100f3010000dc0018010000000010004f757436100333
186	10020001022716100333
188	10020100342416000000000200180118011801180100002c01000078001f00230078003f00230078005f00230078007f00230078009e0023001003ec
189	10020001022717100332
191	100201003424177800be0023007800de0023007800fd00230078001d01230000003100f3010000dc003100f3010000dc0018010000000020001003bf
193	1002000102271810033d
195	100201003424184f757437000000000400180118011801180100002c01000078001f00230078003f00230078005f00230078007f0023007800100320
197	1002000102271910033c
199	100201003424199e0023007800be0023007800de0023007800fd00230078001d01230000003100f3010000dc003100f3010000dc001801000010032c
201	1002000102271a10033f
203	1002010034241a000040004f757438000000000800180118011801180137001801011478001f00230778003f002300bd005d00230078007f001003ec
204	1002000102271b10033e
206	1002010034241b230078009e0023000000be0023007800de002300a700fa00230078001d01230000003100f3010000dc003100f3010000dc001003cc
208	1002000102271c100339
210	1002010032241c00000000000080000000000000000000000000000000000000000000000000000000000000000000000000000000000010038a
212	100200010112100313
214	100201000101100300
216	100200010112100313
218	100201000101100300
220	100200010140100341
222	100201002740ed3abad03a1fa93623a836ef573b3f573b3f573b3fa83666f53aabd83a55a936550000000000100380
224	100200010140100341
226	100201002740ac3b80ac3b32a63658ac36312b3ce72b3ce72b3ce7ad36f2a73b06a63ba5a5368e0000000000100390
228	100200010140100341
230	100201002740e53b6ed93b7fa4365aaa36d35e3c745e3c745e3c74aa366ddc3bb4d03be6a5365900000000001003be
232	100200010140100341
234	100201002740053b99dd3a02a73613b036e76e3b7a6e3b7a6e3b7ab13674053b81db3a89a8360f000000000010035c
236	100200010140100341
238	100201002740c03aa7993a8ca436ecac3685263b8f263b8f263b8fab3635c23a2a983a7ba5360900000000001003df
240	100200010140100341
242	100201002740af3cc0063c4aa4360fae368dd23cbdd23cbdd23cbdae362db23cf1063c4aa4360e00000000001003b9
244	100200010140100341
246	1002010027404a3b40483b8ca3367aa836b7c83b4cc83b4cc83b4ca836b74a3b3f483b8ba3367900000000001003a3
248	100200010140100341
250	100201002740a83bc9283b2bac3682a736d9e93b9ce93b9ce93b9ca736d8a83bc8283b2aac3681000000000010032b
252	100200010140100341
254	100201002740e63b9bdf3b9ca436b5a736e6623c7f623c7f623c7fa736e5e63b9adf3b9ba436b40000000000100342
256	100200010a33000077007800070000100331
259	100201000101100300
261	100200010a33000077007e00070000100337
264	100201000101100300
265	100200010a33000077008b000700001003c2
268	100201000101100300
269	100200010a33000077009e000700001003d7
272	100201000101100300
273	100200010a3300007700a5000700001003ec
276	100201000101100300
277	100200010a3300007700ae000700001003e7
280	100201000101100300
281	100200010a3300007700c000070000100389
284	100201000101100300
285	100200010a3300007700ca00070000100383
288	100201000101100300
289	100200010a3300007700da00070000100393
292	100201000101100300
293	100200010a3300007700e8000700001003a1
296	100201000101100300
297	100200010a3300007700f4000700001003bd
300	100201000101100300
301	100200010a3300007700fb000700001003b2
304	100201000101100300
305	100200010a33000077000a01070000100342
308	100201000101100300
309	100200010a33000077001101070000100359
312	100201000101100300
313	100200010a33000077001e01070000100356
316	100201000101100300
317	100200010a33000077002d01070000100365
320	100201000101100300
321	100200010a3300007700370107000010037f
324	100201000101100300
325	100200010a33000077003d01070000100375
328	100201000101100300
329	100200010a33000077003f01070000100377
332	100201000101100300
333	100200010a3300007700450107000010030d
336	100201000101100300
337	100200010a33000077005801070000100310
340	100201000101100300
341	100200010a33000077006e01070000100326
344	100201000101100300
345	100200010a33000077007001070000100338
348	100201000101100300
350	100200010140100341
352	100201002740ffffff9a3abcb036f3c13671ffffffffffffffffffc13670ffffffa43af1b1365a0000000000100342
354	100200010140100341
356	100201002740ffffff913ac9a336beae3635ffffffffffffffffffae3634ffffff933a70a33690000000000010030c
358	100200010140100341
360	100201002740ffffff0a3cfea636baa8360cffffffffffffffffffa8360cffffff073cdda6369f0000000000100393
362	100200010140100341
364	100201002740ffffffc83b29a4367daa36d2ffffffffffffffffffaa36d2ffffffd03b9fa4367e0000000000100335
366	100200010a3300007700650107000010032d
369	100201000101100300
370	100200010a3300007700440107000010030c
373	100201000101100300
374	100200010a33000077001e01070000100356
377	100201000101100300
378	100200010a3300007700f8000700001003b1
381	100201000101100300
382	100200010a3300007700eb000700001003a2
385	100201000101100300
387	100200010140100341
389	100201002740ffffff0e3b4aa7366da736f4ffffffffffffffffffa736f3ffffff0d3ba1a836aa00000000001003bf
391	100200010a3300007700eb000700001003a2
394	100201000101100300
396	100200010a3300007700d100070000100398
399	100201000101100300
400	100200010a3300007700bb000700001003f2
403	100201000101100300
404	100200010a3300007700a0000700001003e9
407	100201000101100300
409	100200010140100341
411	100201002740ffffff473c27ac36fca936adffffffffffffffffffa936acffffff4c3c5fae36f600000000001003e2
413	100200010140100341
415	100201002740ffffff9b3a87a43628a23666ffffffffffffffffffa23665ffffff9a3af8a3366d00000000001003a7
417	100200010140100341
419	100201002740ffffffed3a11a8369aa836afffffffffffffffffffa836aeffffffee3a84a8367000000000001003e5
421	100200010140100341
423	100201002740ffffffd03adba63633a536c1ffffffffffffffffffa536c0ffffffd83a4aa536c000000000001003f0
425	100200010140100341
427	100201002740ffffff683c73a53685a936d8ffffffffffffffffffa93610ffffff693cd4a536550000000000100326
429	100200010140100341
431	100201002740ffffffa33a9ca436f4b1361fffffffffffffffffffaf3649ffffff9f3a16a5364100000000001003d2
433	100200010140100341
435	100201002740ffffff243b7ba83663aa3623ffffffffffffffffffaa3671ffffff1e3b7ea9365e00000000001003c9
437	100200010140100341
439	100201002740ffffff8d3ac0ad368eaa362affffffffffffffffffaa365fffffff8b3a00ae366e00000000001003c8
441	100200010140100341
443	100201002740ffffff023bffa73601a736c5ffffffffffffffffffa83673fffffffe3ab3a736000000000000100391
445	100200010140100341
447	100201002740ffffff623bb9a53669a9360affffffffffffffffffa93609ffffff623bb8a53668000000000010039b
449	100200010140100341
451	100201002740ffffffe63a41a9362aa536e6ffffffffffffffffffa536e6ffffffe63a40a93629000000000010039a
453	100200010140100341
455	100201002740fffffff03b5b9f3616ac362effffffffffffffffffac362efffffff03b5a9f36160000000000100399
457	100200010140100341
459	100201002740ffffffe43ae0aa36dbae3679ffffffffffffffffffae3678ffffffe43adfaa369100000000001003ec
461	100200010140100341
463	100201002740ffffffe73b45a136c0a9363bffffffffffffffffffa9363bffffffec3ba6a036c60000000000100377
465	100200010140100341
467	100201002740ffffffb53bdfa836b4a93653ffffffffffffffffffa93652ffffffb33b56a836200000000000100382
469	100200010140100341
471	100201002740ffffff203b80a23628aa3670ffffffffffffffffffaa366fffffff1e3b90a336190000000000100399
473	100200010140100341
475	100201002740ffffff973b6ba4369fa83684ffffffffffffffffffa836f7ffffff9b3b4ba536b100000000001003e8
477	100200010140100341
479	100201002740ffffff7c3bdda336eaaa36a8ffffffffffffffffffaa3687ffffff853bcfa336e40000000000100352
481	100200010140100341
483	100201002740ffffffc03b84a436ffa63613ffffffffffffffffffa8360cffffffbb3beda436430000000000100327
485	100200010140100341
487	100201002740ffffffd23b19a636bda63655ffffffffffffffffffa63644ffffffd93baba6364600000000001003cb
489	100200010140100341
491	100201002740ffffff953aa4a636e9a936f6ffffffffffffffffffa836d1ffffff953aa3a636e800000000001003b8
493	100200010140100341
495	100201002740ffffff5d3c08a73660a736f6ffffffffffffffffffa736f6ffffff5d3c07a7365f00000000001003a8
497	100200010140100341
499	100201002740ffffff983b17a2366ea9362effffffffffffffffffa9362dffffff983b17a2366d0000000000100398
501	100200010140100341
503	100201002740ffffff023c48a336dfaa3661ffffffffffffffffffaa3660ffffff023c47a336df0000000000100396
